Gains
8.1
10.4
8.8
9.7
7.8
9.9
11.7
8.0
9.3
9.0
8.2
8.9
10.1
9.4
9.2
7.9
9.5
10.9
7.8
8.3
9.1
8.4
9.6
11.1
7.9
8.5
8.7
7.8
10.5
8.5
11.5
8.0
7.9
8.3
8.7
10.0
9.4
9.0
9.2
10.7
9.3
9.7
8.7
8.2
8.9
8.6
9.5
9.4
8.8
8.3
8.4
9.1
10.1
7.8
8.1
8.8
8.0
9.2
8.4
7.8
7.9
8.5
9.2
8.7
10.2
7.9
9.8
8.3
9.0
9.6
9.9
10.6
8.6
9.4
8.8
8.2
10.5
9.7
9.1
8.0
8.7
9.8
8.5
8.9
9.1
8.4
8.1
9.5
8.7
9.3
8.1
10.1
9.6
8.3
8.0
9.8
9.0
8.9
8.1
9.7
8.5
8.2
9.0
10.2
9.5
8.3
8.9
9.1
10.3
8.4
8.6
9.2
8.5
9.6
9.0
10.7
8.6
10.0
8.8
8.6
